header:
  seq: 0
  stamp:
    secs: 0
    nsecs: 0
  frame_id: front_6mm
height: 1080
width: 1920
distortion_model: plumb_bob
D: [-0.5624789652062337, 0.2749316920919335, -0.0056469743132787084, -0.0044166953218259235, 0.0]
K: [1934.8869642409047, 0.0, 968.1843545298949, 0.0, 1938.8287473452087, 589.0042028591394, 0.0, 0.0, 1.0]
R: [1.0, 0.0, 0.0, 0.0, 1.0, 0.0, 0.0, 0.0, 1.0]
P: [1618.3006591796875, 0.0, 958.90878232268, 0.0, 0.0, 1849.463134765625, 590.8716669776477, 0.0, 0.0, 0.0, 1.0, 0.0]
binning_x: 0
binning_y: 0
roi:
  x_offset: 0
  y_offset: 0
  height: 0
  width: 0
  do_rectify: False
